4
46.07754621331668 79.97541493850747
63.138902410066635 -75.85466221687157
68.3159650062828 -33.92498323915721
95.82399646145473 82.42865591435779
10
-48.12285625969061 -98.47352315812411
12.340726264538501 -17.509969254121213
51.83688529646112 77.69772375046142
86.4794006124786 -55.64989773662512
90.91285315176252 47.76130572165939
96.58695021544887 27.659331427637074
97.33781532454965 95.00396815402905
99.09269981562005 -4.5104698538942545
99.8195686122003 -76.89712716727027
100.57478220536778 -64.58570004958779
-92.1388215017199 86.43531582754677