3
2 2
101 200
2 1
6 15
1 2 3 5 6 7
1 2 3 4 5 6 7 8 9 10 11 12 13 14 15
5 8
254618033 265675151 461318786 557391198 848083778
6 9 15 10 6 9 4 4294967300

4
3
5 4 5
3
4 5 4
10
3 3 3 3 4 1 2 3 4 5
9
17 89 92 42 29 92 14 70 45

7
3
7 9 7
1
2
2
2 19
3
1 3 20
4
1 2 3 4
5
1 2 3 4 5
6
1 2 1 1 1 25

5
3 10 8 6 11
4
1
10
3
11

3
4 5 6

4 1
1 1 0 0
1 2
1 3
1 4

abcdefg
AbCdEfF

abs
Abz

aaaa
aaaA

7 15
15 5 3 7 9 14 0

2 5
2 5

7 15
15 5 3 7 9 14 0

10 1
100 100

2 2
1 99
100 0

2

1+1+3+1+3

3+2+1


4
word
localization
internationalization
pneumonoultramicroscopicsilicovolcanoconiosis
