9 8 10 3 3 47
50 74
6 69
1 51
40 25
46 19
79 43
12 8 9 4 9 8 8 3 4 
2 11 9 12 7 12 8 4 7 
7 3 10 5 9 5 8 8 2 
12 1 5 10 2 5 11 2 1 
11 11 2 8 10 4 2 5 2 
3 6 3 4 11 10 9 8 5 
2 12 5 3 10 4 4 5 9 
10 2 3 1 1 9 12 5 4 
4 12 9 4 5 11 1 4 12 
7 2 2 5 5 4 9 12 1 
3 7 2 1 3 9 9 3 12 
5 10 3 9 11 11 11 3 4 
9 12 1 5 4 2 3 7 9 
11 1 8 10 9 8 9 4 9 
2 10 12 9 4 1 9 8 9 
4 10 5 4 4 3 12 1 12 
10 8 7 10 5 12 11 12 12 
6 3 8 10 10 5 1 9 8 
8 8 10 2 6 11 2 1 2 
7 5 1 8 4 12 8 3 11 
9 8 2 2 5 2 4 1 4 
8 5 3 10 12 4 3 9 11 
4 6 8 9 2 2 9 4 10 
10 1 12 3 11 7 10 3 12 
11 7 8 2 10 11 11 11 4 
9 9 9 4 4 1 3 9 2 
9 12 11 10 7 8 7 12 10 
4 2 4 1 8 2 12 3 5 
6 6 11 1 11 5 4 10 12 
5 11 6 10 6 9 7 2 4 
3 4 3 2 7 9 10 7 6 
11 6 3 1 8 7 5 5 8 
11 11 9 8 9 5 5 12 9 
10 5 1 3 9 12 9 2 8 
1 3 8 6 4 3 10 9 3 
11 12 1 2 6 8 6 2 1 
5 3 11 12 9 3 4 10 2 
11 8 2 6 11 6 5 6 2 
11 2 10 1 2 4 5 2 9 
1 5 6 7 11 12 2 5 7 
2 10 9 4 12 5 9 8 2 
11 5 3 1 1 5 2 9 4 
9 2 2 11 1 3 8 6 2 
1 8 4 6 4 8 5 7 12 
3 1 8 11 5 9 4 11 8 
11 4 1 6 10 11 12 11 6 
11 1 5 11 1 7 12 1 7 
